8961
435
3750
7296
5208
589
7228
8790
4688
8498
1171
4113
9789
7341
8553
9710
603
2158
6347
5629
3520
9696
8581
5749
4527
8455
7118
7976
9557
3447
4456
5850
4560
2828
9834
5200
1637
5859
327
9408
126
9377
311
3973
4089
3687
7250
5134
1833
1470
5546
2196
7942
8090
6085
1506
7010
7871
4567
9469
8319
7309
5877
8150
3312
8285
2479
6187
986
2937
488
2944
4717
2354
5333
9353
8798
8140
8057
9961
2053
7719
4949
1296
163
3691
4143
2720
567
9747
238
9233
4443
1068
2945
6470
6788
5187
4985
6872
3959
1753
7315
5132
8342
1897
2611
2747
6377
1346
1544
9577
997
6952
6069
3799
8725
2794
35
5360
4790
2314
6293
7987
6890
5231
5593
9063
542
8593
334
2928
9801
9356
5852
7826
4548
909
7842
3688
1093
8032
3515
8383
1542
7544
2422
5454
4839
9671
1732
461
3412
1416
1058
1639
8268
7146
4795
1865
6254
4690
7880
383
827
4816
456
6904
3042
8448
4574
8103
6227
9285
8247
76
1783
7371
704
7115
4794
3915
8224
6936
4990
7175
2235
8385
3598
2069
3925
6201
7002
5108
9805
5011
4668
259
6529
7591
9548
9774
2162
8331
5919
5838
9676
4848
502
9735
4922
2915
8615
3132
583
9977
5444
9692
4551
2920
559
8809
8813
3666
4475
5050
8969
8687
4581
6926
2560
4881
2610
2780
5542
8924
4721
5027
6736
7014
8401
9045
272
136
4855
6882
3039
7498
3668
6962
4727
875
9303
2165
9988
8359
4400
8868
730
6265
261
6280
3441
5819
8642
1929
4165
2110
2278
8648
8191
8078
3584
5870
1496
9015
249
4546
3719
2988
1253
9497
6512
514
464
4229
8360
5064
8409
4086
2696
7401
6818
9150
2043
2452
5892
987
7116
5282
1146
9251
8513
4579
9788
2854
9498
4125
5042
6914
5012
7157
9296
6009
8141
8726
1157
1669
3463
9496
9898
2687
9223
291
2029
5846
3514
699
273
1580
8426
1502
8239
6303
1599
202
6014
3391
5623
4198
6338
7825
1240
2331
623
7095
9196
9591
4100
84
9549
8941
7616
9539
3473
1257
3729
9095
1546
9793
5888
983
6297
6352
9532
9905
9954
3131
9176
1910
5423
7596
1041
4225
2028
9448
5152
3419
9418
2627
8911
618
7969
174
6505
1914
1154
8453
560
4993
3958
1961
5827
1947
3936
1196
7306
8631
3118
1821
1583
5630
2660
5035
7733
7828
1611
8069
1805
1555
2436
932
894
2390
5549
5154
8838
8324
8215
6314
892
5052
9899
4798
8172
9358
1383
7083
8769
6315
1623
832
3991
8180
9499
4273
8542
901
9582
4123
1668
9638
3759
4566
753
1133
5211
9522
3894
4895
5766
3323
4265
255
7277
928
5489
8495
4217
8137
6971
2067
4952
7223
4656
674
5334
5806
4360
416
1631
3370
4801
6360
2876
7575
7141
3848
5335
2620
8350
8496
5967
6059
5612
6986
869
9650
2626
994
1142
3702
6205
6448
7716
9839
184
5746
3031
7655
